+++
title = "Cholesky decomposition"
description = ""
date = 2019-09-06T22:53:35Z
aliases = []
[extra]
id = 9335
[taxonomies]
categories = []
tags = []
+++

{{Task|Matrices}}
Every symmetric, positive definite matrix A can be decomposed into a product of a unique lower triangular matrix L and its transpose:

:<math>A = LL^T</math>

<math>L</math> is called the ''Cholesky factor'' of <math>A</math>, and can be interpreted as a generalized square root of <math>A</math>, as described in [[wp:Cholesky decomposition|Cholesky decomposition]].

In a 3x3 example, we have to solve the following system of equations:

:<math>\begin{align}
A &=
\begin{pmatrix}
   a_{11} & a_{21} & a_{31}\\
   a_{21} & a_{22} & a_{32}\\
   a_{31} & a_{32} & a_{33}\\
\end{pmatrix}\\
& = 
\begin{pmatrix}
   l_{11} & 0 & 0 \\
   l_{21} & l_{22} & 0 \\
   l_{31} & l_{32} & l_{33}\\
\end{pmatrix}
\begin{pmatrix}
   l_{11} & l_{21} & l_{31} \\
   0 & l_{22} & l_{32} \\
   0 & 0 & l_{33}
\end{pmatrix} \equiv LL^T\\
&= \begin{pmatrix}
   l_{11}^2     & l_{21}l_{11} & l_{31}l_{11} \\
   l_{21}l_{11} & l_{21}^2 + l_{22}^2& l_{31}l_{21}+l_{32}l_{22} \\
   l_{31}l_{11} & l_{31}l_{21}+l_{32}l_{22} & l_{31}^2 + l_{32}^2+l_{33}^2
\end{pmatrix}\end{align}
</math>

We can see that for the diagonal elements (<math>l_{kk}</math>) of <math>L</math> there is a calculation pattern:

:<math>l_{11} = \sqrt{a_{11}}</math>
:<math>l_{22} = \sqrt{a_{22} - l_{21}^2}</math>
:<math>l_{33} = \sqrt{a_{33} - (l_{31}^2 + l_{32}^2)}</math>

or in general:

:<math>l_{kk} = \sqrt{a_{kk} - \sum_{j=1}^{k-1} l_{kj}^2}</math>

For the elements below the diagonal (<math>l_{ik}</math>, where <math>i > k </math>) there is also a calculation pattern:

:<math>l_{21} = \frac{1}{l_{11}} a_{21}</math>
:<math>l_{31} = \frac{1}{l_{11}} a_{31}</math>
:<math>l_{32} = \frac{1}{l_{22}} (a_{32} - l_{31}l_{21})</math>

which can also be expressed in a general formula:

:<math>l_{ik} = \frac{1}{l_{kk}} \left ( a_{ik} - \sum_{j=1}^{k-1} l_{ij}l_{kj} \right )</math>

'''Task description'''

The task is to implement a routine which will return a lower Cholesky factor <math>L</math> for every given symmetric, positive definite nxn matrix <math>A</math>. You should then test it on the following two examples and include your output.

Example 1:


```txt

25  15  -5                 5   0   0
15  18   0         -->     3   3   0
-5   0  11                -1   1   3

```


Example 2:


```txt

18  22   54   42           4.24264    0.00000    0.00000    0.00000
22  70   86   62   -->     5.18545    6.56591    0.00000    0.00000
54  86  174  134          12.72792    3.04604    1.64974    0.00000
42  62  134  106           9.89949    1.62455    1.84971    1.39262

```



;Note:
# The Cholesky decomposition of a [[Pascal matrix generation‎|Pascal]] upper-triangle matrix is the [[wp:Identity matrix|Identity matrix]] of the same size. 
# The Cholesky decomposition of a Pascal symmetric matrix is the Pascal lower-triangle matrix of the same size. 



## Ada

{{works with|Ada 2005}}
decomposition.ads:

```Ada
with Ada.Numerics.Generic_Real_Arrays;
generic
   with package Matrix is new Ada.Numerics.Generic_Real_Arrays (<>);
package Decomposition is

   -- decompose a square matrix A by A = L * Transpose (L)
   procedure Decompose (A : Matrix.Real_Matrix; L : out Matrix.Real_Matrix);

end Decomposition;
```


decomposition.adb:

```Ada
with Ada.Numerics.Generic_Elementary_Functions;

package body Decomposition is
   package Math is new Ada.Numerics.Generic_Elementary_Functions
     (Matrix.Real);

   procedure Decompose (A : Matrix.Real_Matrix; L : out Matrix.Real_Matrix) is
      use type Matrix.Real_Matrix, Matrix.Real;
      Order : constant Positive := A'Length (1);
      S     : Matrix.Real;
   begin
      L := (others => (others => 0.0));
      for I in 0 .. Order - 1 loop
         for K in 0 .. I loop
            S := 0.0;
            for J in 0 .. K - 1 loop
               S := S +
                 L (L'First (1) + I, L'First (2) + J) *
                 L (L'First (1) + K, L'First (2) + J);
            end loop;
            -- diagonals
            if K = I then
               L (L'First (1) + K, L'First (2) + K) :=
                 Math.Sqrt (A (A'First (1) + K, A'First (2) + K) - S);
            else
               L (L'First (1) + I, L'First (2) + K) :=
                 1.0 / L (L'First (1) + K, L'First (2) + K) *
                 (A (A'First (1) + I, A'First (2) + K) - S);
            end if;
         end loop;
      end loop;
   end Decompose;
end Decomposition;
```


Example usage:

```Ada
with Ada.Numerics.Real_Arrays;
with Ada.Text_IO;
with Decomposition;
procedure Decompose_Example is
   package Real_Decomposition is new Decomposition
     (Matrix => Ada.Numerics.Real_Arrays);

   package Real_IO is new Ada.Text_IO.Float_IO (Float);

   procedure Print (M : Ada.Numerics.Real_Arrays.Real_Matrix) is
   begin
      for Row in M'Range (1) loop
         for Col in M'Range (2) loop
            Real_IO.Put (M (Row, Col), 4, 3, 0);
         end loop;
         Ada.Text_IO.New_Line;
      end loop;
   end Print;

   Example_1 : constant Ada.Numerics.Real_Arrays.Real_Matrix :=
     ((25.0, 15.0, -5.0),
      (15.0, 18.0, 0.0),
      (-5.0, 0.0, 11.0));
   L_1 : Ada.Numerics.Real_Arrays.Real_Matrix (Example_1'Range (1),
                                               Example_1'Range (2));
   Example_2 : constant Ada.Numerics.Real_Arrays.Real_Matrix :=
     ((18.0, 22.0, 54.0, 42.0),
      (22.0, 70.0, 86.0, 62.0),
      (54.0, 86.0, 174.0, 134.0),
      (42.0, 62.0, 134.0, 106.0));
   L_2 : Ada.Numerics.Real_Arrays.Real_Matrix (Example_2'Range (1),
                                               Example_2'Range (2));
begin
   Real_Decomposition.Decompose (A => Example_1,
                                 L => L_1);
   Real_Decomposition.Decompose (A => Example_2,
                                 L => L_2);
   Ada.Text_IO.Put_Line ("Example 1:");
   Ada.Text_IO.Put_Line ("A:"); Print (Example_1);
   Ada.Text_IO.Put_Line ("L:"); Print (L_1);
   Ada.Text_IO.New_Line;
   Ada.Text_IO.Put_Line ("Example 2:");
   Ada.Text_IO.Put_Line ("A:"); Print (Example_2);
   Ada.Text_IO.Put_Line ("L:"); Print (L_2);
end Decompose_Example;
```

{{out}}

```txt
Example 1:
A:
  25.000  15.000  -5.000
  15.000  18.000   0.000
  -5.000   0.000  11.000
L:
   5.000   0.000   0.000
   3.000   3.000   0.000
  -1.000   1.000   3.000

Example 2:
A:
  18.000  22.000  54.000  42.000
  22.000  70.000  86.000  62.000
  54.000  86.000 174.000 134.000
  42.000  62.000 134.000 106.000
L:
   4.243   0.000   0.000   0.000
   5.185   6.566   0.000   0.000
  12.728   3.046   1.650   0.000
   9.899   1.625   1.850   1.393
```



## ALGOL 68

{{trans|C}} Note: This specimen retains the original [[#C|C]] coding style. [http://rosettacode.org/mw/index.php?title=Cholesky_decomposition&action=historysubmit&diff=107753&oldid=107752 diff]
{{works with|ALGOL 68|Revision 1 - no extensions to language used.}}
{{works with|ALGOL 68G|Any - tested with release [http://sourceforge.net/projects/algol68/files/algol68g/algol68g-1.18.0/algol68g-1.18.0-9h.tiny.el5.centos.fc11.i386.rpm/download 1.18.0-9h.tiny].}}
{{wont work with|ELLA ALGOL 68|Any (with appropriate job cards) - tested with release [http://sourceforge.net/projects/algol68/files/algol68toc/algol68toc-1.8.8d/algol68toc-1.8-8d.fc9.i386.rpm/download 1.8-8d] - due to extensive use of '''format'''[ted] ''transput''.}}

```algol68
#!/usr/local/bin/a68g --script #

MODE FIELD=LONG REAL;
PROC (FIELD)FIELD field sqrt = long sqrt;
INT field prec = 5;
FORMAT field fmt = $g(-(2+1+field prec),field prec)$;

MODE MAT = [0,0]FIELD;

PROC cholesky = (MAT a) MAT:(
    [UPB a, 2 UPB a]FIELD l;
 
    FOR i FROM LWB a TO UPB a DO
        FOR j FROM 2 LWB a TO i DO
            FIELD s := 0;
            FOR k FROM 2 LWB a TO j-1 DO
                s +:= l[i,k] * l[j,k]
            OD;
            l[i,j] := IF i = j 
                      THEN field sqrt(a[i,i] - s) 
                      ELSE 1.0 / l[j,j] * (a[i,j] - s) FI
        OD;
        FOR j FROM i+1 TO 2 UPB a DO 
            l[i,j]:=0 # Not required if matrix is declared as triangular #
        OD
    OD;
    l
);

PROC print matrix v1 =(MAT a)VOID:(
    FOR i FROM LWB a TO UPB a DO
        FOR j FROM 2 LWB a TO 2 UPB a DO
            printf(($g(-(2+1+field prec),field prec)$, a[i,j]))
        OD;
        printf($l$)
    OD
);

PROC print matrix =(MAT a)VOID:(
    FORMAT vector fmt = $"("f(field  fmt)n(2 UPB a-2 LWB a)(", " f(field  fmt))")"$;
    FORMAT matrix fmt = $"("f(vector fmt)n(  UPB a-  LWB a)(","lxf(vector fmt))")"$;
    printf((matrix fmt, a))
);
 
main: (
    MAT m1 = ((25, 15, -5),
              (15, 18,  0),
              (-5,  0, 11));
    MAT c1 = cholesky(m1);
    print matrix(c1);
    printf($l$);
 
    MAT m2 = ((18, 22,  54,  42),
              (22, 70,  86,  62),
              (54, 86, 174, 134),
              (42, 62, 134, 106));
    MAT c2 = cholesky(m2);
    print matrix(c2)
)
```

{{out}}

```txt

(( 5.00000,  0.00000,  0.00000),
 ( 3.00000,  3.00000,  0.00000),
 (-1.00000,  1.00000,  3.00000))
(( 4.24264,  0.00000,  0.00000,  0.00000),
 ( 5.18545,  6.56591,  0.00000,  0.00000),
 (12.72792,  3.04604,  1.64974,  0.00000),
 ( 9.89949,  1.62455,  1.84971,  1.39262))

```



## BBC BASIC

{{works with|BBC BASIC for Windows}}

```bbcbasic
      DIM m1(2,2)
      m1() = 25, 15, -5, \
      \      15, 18,  0, \
      \      -5,  0, 11
      PROCcholesky(m1())
      PROCprint(m1())
      PRINT
      
      @% = &2050A
      DIM m2(3,3)
      m2() = 18, 22,  54,  42, \
      \      22, 70,  86,  62, \
      \      54, 86, 174, 134, \
      \      42, 62, 134, 106
      PROCcholesky(m2())
      PROCprint(m2())
      END
      
      DEF PROCcholesky(a())
      LOCAL i%, j%, k%, l(), s
      DIM l(DIM(a(),1),DIM(a(),2))
      FOR i% = 0 TO DIM(a(),1)
        FOR j% = 0 TO i%
          s = 0
          FOR k% = 0 TO j%-1
            s += l(i%,k%) * l(j%,k%)
          NEXT
          IF i% = j% THEN
            l(i%,j%) = SQR(a(i%,i%) - s)
          ELSE
            l(i%,j%) = (a(i%,j%) - s) / l(j%,j%)
          ENDIF
        NEXT j%
      NEXT i%
      a() = l()
      ENDPROC
      
      DEF PROCprint(a())
      LOCAL row%, col%
      FOR row% = 0 TO DIM(a(),1)
        FOR col% = 0 TO DIM(a(),2)
          PRINT a(row%,col%);
        NEXT
        PRINT
      NEXT row%
      ENDPROC
```

'''Output:'''

```txt

         5         0         0
         3         3         0
        -1         1         3

   4.24264   0.00000   0.00000   0.00000
   5.18545   6.56591   0.00000   0.00000
  12.72792   3.04604   1.64974   0.00000
   9.89949   1.62455   1.84971   1.39262

```



## C


```c>#include <stdio.h

#include <stdlib.h>
#include <math.h>

double *cholesky(double *A, int n) {
    double *L = (double*)calloc(n * n, sizeof(double));
    if (L == NULL)
        exit(EXIT_FAILURE);

    for (int i = 0; i < n; i++)
        for (int j = 0; j < (i+1); j++) {
            double s = 0;
            for (int k = 0; k < j; k++)
                s += L[i * n + k] * L[j * n + k];
            L[i * n + j] = (i == j) ?
                           sqrt(A[i * n + i] - s) :
                           (1.0 / L[j * n + j] * (A[i * n + j] - s));
        }

    return L;
}

void show_matrix(double *A, int n) {
    for (int i = 0; i < n; i++) {
        for (int j = 0; j < n; j++)
            printf("%2.5f ", A[i * n + j]);
        printf("\n");
    }
}

int main() {
    int n = 3;
    double m1[] = {25, 15, -5,
                   15, 18,  0,
                   -5,  0, 11};
    double *c1 = cholesky(m1, n);
    show_matrix(c1, n);
    printf("\n");
    free(c1);

    n = 4;
    double m2[] = {18, 22,  54,  42,
                   22, 70,  86,  62,
                   54, 86, 174, 134,
                   42, 62, 134, 106};
    double *c2 = cholesky(m2, n);
    show_matrix(c2, n);
    free(c2);

    return 0;
}
```

{{out}}

```txt
5.00000 0.00000 0.00000
3.00000 3.00000 0.00000
-1.00000 1.00000 3.00000

4.24264 0.00000 0.00000 0.00000
5.18545 6.56591 0.00000 0.00000
12.72792 3.04604 1.64974 0.00000
9.89949 1.62455 1.84971 1.39262
```


=={{header|C sharp|C#}}==
<lang [C sharp|C#]>
using System;
using System.Collections.Generic;
using System.Linq;
using System.Text;

namespace Cholesky
{
    class Program
    {
        /// <summary>
        /// This is example is written in C#, and compiles with .NET Framework 4.0
        /// </summary>
        /// <param name="args"></param>
        static void Main(string[] args)
        {
            double[,] test1 = new double[,]
            {
                {25, 15, -5},
                {15, 18, 0},
                {-5, 0, 11},
            };

            double[,] test2 = new double[,]
            {
                {18, 22, 54, 42},
                {22, 70, 86, 62},
                {54, 86, 174, 134},
                {42, 62, 134, 106},
            };

            double[,] chol1 = Cholesky(test1);
            double[,] chol2 = Cholesky(test2);

            Console.WriteLine("Test 1: ");
            Print(test1);
            Console.WriteLine("");
            Console.WriteLine("Lower Cholesky 1: ");
            Print(chol1);
            Console.WriteLine("");
            Console.WriteLine("Test 2: ");
            Print(test2);
            Console.WriteLine("");
            Console.WriteLine("Lower Cholesky 2: ");
            Print(chol2);

        }

        public static void Print(double[,] a)
        {
            int n = (int)Math.Sqrt(a.Length);

            StringBuilder sb = new StringBuilder();
            for (int r = 0; r < n; r++)
            {
                string s = "";
                for (int c = 0; c < n; c++)
                {
                    s += a[r, c].ToString("f5").PadLeft(9) + ",";
                }
                sb.AppendLine(s);
            }

            Console.WriteLine(sb.ToString());
        }

        /// <summary>
        /// Returns the lower Cholesky Factor, L, of input matrix A. 
        /// Satisfies the equation: L*L^T = A.
        /// </summary>
        /// <param name="a">Input matrix must be square, symmetric, 
        /// and positive definite. This method does not check for these properties,
        /// and may produce unexpected results of those properties are not met.</param>
        /// <returns></returns>
        public static double[,] Cholesky(double[,] a)
        {
            int n = (int)Math.Sqrt(a.Length);

            double[,] ret = new double[n, n];
            for (int r = 0; r < n; r++)
                for (int c = 0; c <= r; c++)
                {
                    if (c == r)
                    {
                        double sum = 0;
                        for (int j = 0; j < c; j++)
                        {
                            sum += ret[c, j] * ret[c, j];
                        }
                        ret[c, c] = Math.Sqrt(a[c, c] - sum);
                    }
                    else
                    {
                        double sum = 0;
                        for (int j = 0; j < c; j++)
                            sum += ret[r, j] * ret[c, j];
                        ret[r, c] = 1.0 / ret[c, c] * (a[r, c] - sum);
                    }
                }

            return ret;
        }
    }
}


```

{{out}}
Test 1: 
 25.00000, 15.00000, -5.00000,
 15.00000, 18.00000,  0.00000,
 -5.00000,  0.00000, 11.00000,


Lower Cholesky 1: 
  5.00000,  0.00000,  0.00000,
  3.00000,  3.00000,  0.00000,
 -1.00000,  1.00000,  3.00000,


Test 2: 
 18.00000, 22.00000, 54.00000, 42.00000,
 22.00000, 70.00000, 86.00000, 62.00000,
 54.00000, 86.00000,174.00000,134.00000,
 42.00000, 62.00000,134.00000,106.00000,


Lower Cholesky 2: 
  4.24264,  0.00000,  0.00000,  0.00000,
  5.18545,  6.56591,  0.00000,  0.00000,
 12.72792,  3.04604,  1.64974,  0.00000,
  9.89949,  1.62455,  1.84971,  1.39262,



## Clojure

{{trans|Python}}

```clojure
(defn cholesky
  [matrix]
  (let [n (count matrix)
        A (to-array-2d matrix)
        L (make-array Double/TYPE n n)]
    (doseq [i (range n) j (range (inc i))]
      (let [s (reduce + (for [k (range j)] (* (aget L i k) (aget L j k))))]
        (aset L i j (if (= i j)
                      (Math/sqrt (- (aget A i i) s))
                      (* (/ 1.0 (aget L j j)) (- (aget A i j) s))))))
    (vec (map vec L))))
```

Example:

```clojure
(cholesky [[25 15 -5] [15 18 0] [-5 0 11]])
;=> [[ 5.0 0.0 0.0]
;    [ 3.0 3.0 0.0]
;    [-1.0 1.0 3.0]]

(cholesky [[18 22 54 42] [22 70 86 62] [54 86 174 134] [42 62 134 106]])
;=> [[ 4.242640687119285 0.0                0.0                0.0               ]
;    [ 5.185449728701349 6.565905201197403  0.0                0.0               ]
;    [12.727922061357857 3.0460384954008553 1.6497422479090704 0.0               ]
;    [ 9.899494936611667 1.624553864213788  1.8497110052313648 1.3926212476456026]]
```



## Common Lisp


```lisp
;; Calculates the Cholesky decomposition matrix L 
;; for a positive-definite, symmetric nxn matrix A.
(defun chol (A)
  (let* ((n (car (array-dimensions A)))
         (L (make-array `(,n ,n) :initial-element 0)))

    (do ((k 0 (incf k))) ((> k (- n 1)) nil)
        ;; First, calculate diagonal elements L_kk.
        (setf (aref L k k)
              (sqrt (- (aref A k k)
                       (do* ((j 0 (incf j))
                             (sum (expt (aref L k j) 2) 
                                  (incf sum (expt (aref L k j) 2))))
                            ((> j (- k 1)) sum)))))

        ;; Then, all elements below a diagonal element, L_ik, i=k+1..n.
        (do ((i (+ k 1) (incf i)))
            ((> i (- n 1)) nil)

            (setf (aref L i k)
                  (/ (- (aref A i k)
                        (do* ((j 0 (incf j))
                              (sum (* (aref L i j) (aref L k j))
                                   (incf sum (* (aref L i j) (aref L k j)))))
                             ((> j (- k 1)) sum)))
                     (aref L k k)))))

    ;; Return the calculated matrix L.
    L))
```



```lisp
;; Example 1:
(setf A (make-array '(3 3) :initial-contents '((25 15 -5) (15 18 0) (-5 0 11))))
(chol A)
#2A((5.0 0 0)
    (3.0 3.0 0)
    (-1.0 1.0 3.0))
```



```lisp
;; Example 2:
(setf B (make-array '(4 4) :initial-contents '((18 22 54 42) (22 70 86 62) (54 86 174 134) (42 62 134 106))))
(chol B)
#2A((4.2426405 0 0 0)
    (5.18545 6.565905 0 0)
    (12.727922 3.0460374 1.6497375 0)
    (9.899495 1.6245536 1.849715 1.3926151))
```



```lisp
;; case of matrix stored as a list of lists (inner lists are rows of matrix)
;; as above, returns the Cholesky decomposition matrix of a square positive-definite, symmetric matrix
(defun cholesky (m)
  (let ((l (list (list (sqrt (caar m))))) x (j 0) i)
    (dolist (cm (cdr m) (mapcar #'(lambda (x) (nconc x (make-list (- (length m) (length x)) :initial-element 0))) l))
      (setq x (list (/ (car cm) (caar l))) i 0)
      (dolist (cl (cdr l)) 
        (setf (cdr (last x)) (list (/ (- (elt cm (incf i)) (*v x cl)) (car (last cl))))))
      (setf (cdr (last l)) (list (nconc x (list (sqrt (- (elt cm (incf j)) (*v x x))))))))))
;; where *v is the scalar product defined as
(defun *v (v1 v2) (reduce #'+ (mapcar #'* v1 v2)))
```



```lisp
;; example 1
CL-USER> (setf a '((25 15 -5) (15 18 0) (-5 0 11)))
((25 15 -5) (15 18 0) (-5 0 11))
CL-USER> (cholesky a)
((5 0 0) (3 3 0) (-1 1 3))
CL-USER> (format t "~{~{~5d~}~%~}" (cholesky a))
    5    0    0
    3    3    0
   -1    1    3
NIL
```



```lisp
;; example 2
CL-USER> (setf a '((18 22 54 42) (22 70 86 62) (54 86 174 134) (42 62 134 106)))
((18 22 54 42) (22 70 86 62) (54 86 174 134) (42 62 134 106))
CL-USER> (cholesky a)
((4.2426405 0 0 0) (5.18545 6.565905 0 0) (12.727922 3.0460374 1.6497375 0) (9.899495 1.6245536 1.849715 1.3926151))
CL-USER> (format t "~{~{~10,5f~}~%~}" (cholesky a))
   4.24264   0.00000   0.00000   0.00000
   5.18545   6.56591   0.00000   0.00000
  12.72792   3.04604   1.64974   0.00000
   9.89950   1.62455   1.84971   1.39262
NIL
```



## D


```d
import std.stdio, std.math, std.numeric;

T[][] cholesky(T)(in T[][] A) pure nothrow /*@safe*/ {
    auto L = new T[][](A.length, A.length);
    foreach (immutable r, row; L)
        row[r + 1 .. $] = 0;
    foreach (immutable i; 0 .. A.length)
        foreach (immutable j; 0 .. i + 1) {
            auto t = dotProduct(L[i][0 .. j], L[j][0 .. j]);
            L[i][j] = (i == j) ? (A[i][i] - t) ^^ 0.5 :
                                 (1.0 / L[j][j] * (A[i][j] - t));
        }
    return L;
}

void main() {
    immutable double[][] m1 = [[25, 15, -5],
                               [15, 18,  0],
                               [-5,  0, 11]];
    writefln("%(%(%2.0f %)\n%)\n", m1.cholesky);

    immutable double[][] m2 = [[18, 22,  54,  42],
                               [22, 70,  86,  62],
                               [54, 86, 174, 134],
                               [42, 62, 134, 106]];
    writefln("%(%(%2.3f %)\n%)", m2.cholesky);
}
```

{{out}}

```txt
 5  0  0
 3  3  0
-1  1  3

4.243 0.000 0.000 0.000
5.185 6.566 0.000 0.000
12.728 3.046 1.650 0.000
9.899 1.625 1.850 1.393
```



## DWScript

{{Trans|C}}

```delphi
function Cholesky(a : array of Float) : array of Float;
var
   i, j, k, n : Integer;
   s : Float;
begin
   n:=Round(Sqrt(a.Length));
   Result:=new Float[n*n];
   for i:=0 to n-1 do begin
      for j:=0 to i do begin
         s:=0 ;
         for k:=0 to j-1 do
            s+=Result[i*n+k] * Result[j*n+k];
         if i=j then
            Result[i*n+j]:=Sqrt(a[i*n+i]-s)
         else Result[i*n+j]:=1/Result[j*n+j]*(a[i*n+j]-s);
      end;
   end;
end;

procedure ShowMatrix(a : array of Float);
var
   i, j, n : Integer;
begin
   n:=Round(Sqrt(a.Length));
   for i:=0 to n-1 do begin
      for j:=0 to n-1 do
         Print(Format('%2.5f ', [a[i*n+j]]));
      PrintLn('');
   end;
end;

var m1 := new Float[9];
m1 := [ 25.0, 15.0, -5.0, 
        15.0, 18.0,  0.0, 
        -5.0,  0.0, 11.0 ];
var c1 := Cholesky(m1);
ShowMatrix(c1);

PrintLn('');

var m2 : array of Float := [ 18.0, 22.0,  54.0,  42.0,
                             22.0, 70.0,  86.0,  62.0,
                             54.0, 86.0, 174.0, 134.0,
                             42.0, 62.0, 134.0, 106.0 ];
var c2 := Cholesky(m2);
ShowMatrix(c2);
```



## Fantom


```fantom
**
** Cholesky decomposition
**

class Main
{
  // create an array of Floats, initialised to 0.0
  Float[][] makeArray (Int i, Int j)
  {
    Float[][] result := [,]
    i.times { result.add ([,]) }
    i.times |Int x|
    {
      j.times
      { 
        result[x].add(0f)
      }
    }
    return result
  }

  // perform the Cholesky decomposition
  Float[][] cholesky (Float[][] array)
  {
    m := array.size
    Float[][] l := makeArray (m, m)
    m.times |Int i|
    {
      (i+1).times |Int k|
      {
        Float sum := (0..<k).toList.reduce (0f) |Float a, Int j -> Float| 
        { 
          a + l[i][j] * l[k][j] 
        }
        if (i == k)
          l[i][k] = (array[i][i]-sum).sqrt
        else
          l[i][k] = (1.0f / l[k][k]) * (array[i][k] - sum)
      }
    }
    return l
  }

  Void runTest (Float[][] array)
  {
    echo (array)
    echo (cholesky (array))
  }
 
  Void main ()
  {
    runTest ([[25f,15f,-5f],[15f,18f,0f],[-5f,0f,11f]])
    runTest ([[18f,22f,54f,42f],[22f,70f,86f,62f],[54f,86f,174f,134f],[42f,62f,134f,106f]])
  }
}
```

{{out}}

```txt

[[25.0, 15.0, -5.0], [15.0, 18.0, 0.0], [-5.0, 0.0, 11.0]]
[[5.0, 0.0, 0.0], [3.0, 3.0, 0.0], [-1.0, 1.0, 3.0]]
[[18.0, 22.0, 54.0, 42.0], [22.0, 70.0, 86.0, 62.0], [54.0, 86.0, 174.0, 134.0], [42.0, 62.0, 134.0, 106.0]]
[[4.242640687119285, 0.0, 0.0, 0.0], [5.185449728701349, 6.565905201197403, 0.0, 0.0], [12.727922061357857, 3.0460384954008553, 1.6497422479090704, 0.0], [9.899494936611667, 1.624553864213788, 1.8497110052313648, 1.3926212476456026]]

```




## Fortran


```Fortran
Program Cholesky_decomp
! *************************************************!
! LBH @ ULPGC 06/03/2014
! Compute the Cholesky decomposition for a matrix A
! after the attached 
! http://rosettacode.org/wiki/Cholesky_decomposition
! note that the matrix A is complex since there might
! be values, where the sqrt has complex solutions.
! Here, only the real values are taken into account
!*************************************************! 
implicit none

INTEGER, PARAMETER :: m=3 !rows
INTEGER, PARAMETER :: n=3 !cols
COMPLEX, DIMENSION(m,n) :: A 
REAL, DIMENSION(m,n) :: L
REAL :: sum1, sum2
INTEGER i,j,k

! Assign values to the matrix
A(1,:)=(/ 25,  15,  -5 /)   
A(2,:)=(/ 15,  18,   0 /)  
A(3,:)=(/ -5,   0,  11 /)
! !!!!!!!!!!!another example!!!!!!!
! A(1,:) = (/ 18,  22,   54,   42 /) 
! A(2,:) = (/ 22,  70,   86,   62 /) 
! A(3,:) = (/ 54,  86,  174,  134 /) 
! A(4,:) = (/ 42,  62,  134,  106 /)





! Initialize values
L(1,1)=real(sqrt(A(1,1)))
L(2,1)=A(2,1)/L(1,1)
L(2,2)=real(sqrt(A(2,2)-L(2,1)*L(2,1)))
L(3,1)=A(3,1)/L(1,1)
! for greater order than m,n=3 add initial row value
! for instance if m,n=4 then add the following line
! L(4,1)=A(4,1)/L(1,1)





do i=1,n
    do k=1,i
        sum1=0
        sum2=0
        do j=1,k-1
        if (i==k) then
            sum1=sum1+(L(k,j)*L(k,j))
            L(k,k)=real(sqrt(A(k,k)-sum1))  
        elseif (i > k) then
            sum2=sum2+(L(i,j)*L(k,j))
            L(i,k)=(1/L(k,k))*(A(i,k)-sum2)
        else
            L(i,k)=0
        end if
        end do
    end do
end do

! write output
do i=1,m
    print "(3(1X,F6.1))",L(i,:)
end do

End program Cholesky_decomp</lang >
{{out}}

```txt

   5.0   0.0   0.0
   3.0   3.0   0.0
  -1.0   1.0   3.0

```


## FreeBASIC

{{trans|BBC BASIC}}

```freebasic
' version 18-01-2017
' compile with: fbc -s console

Sub Cholesky_decomp(array() As Double)

    Dim As Integer i, j, k
    Dim As Double s, l(UBound(array), UBound(array, 2))

    For i = 0 To UBound(array)
        For j = 0 To i
            s = 0
            For k = 0 To j -1
                s += l(i, k) * l(j, k)
            Next
            If i = j Then
                l(i, j) = Sqr(array(i, i) - s)
            Else
                l(i, j) = (array(i, j) - s) / l(j, j)
            End If
        Next
    Next

    For i = 0 To UBound(array)
        For j = 0 To UBound(array, 2)
            Swap array(i, j), l(i, j)
        Next
    Next

End Sub

Sub Print_(array() As Double)

    Dim As Integer i, j

    For i = 0 To UBound(array)
        For j = 0 To UBound(array, 2)
            Print Using "###.#####";array(i,j);
        Next
        Print
    Next

End Sub

' ------=< MAIN >=------

Dim  m1(2,2) As Double  => {{25, 15, -5}, _
                            {15, 18,  0}, _
                            {-5,  0, 11}}

Dim m2(3, 3) As Double => {{18, 22,  54,  42}, _
                           {22, 70,  86,  62}, _
                           {54, 86, 174, 134}, _
                           {42, 62, 134, 106}}

Cholesky_decomp(m1())
Print_(m1())

Print
Cholesky_decomp(m2())
Print_(m2())

' empty keyboard buffer
While Inkey <> "" : Wend
Print : Print "hit any key to end program"
Sleep
End
```

{{out}}

```txt
  5.00000  0.00000  0.00000
  3.00000  3.00000  0.00000
 -1.00000  1.00000  3.00000

  4.24264  0.00000  0.00000  0.00000
  5.18545  6.56591  0.00000  0.00000
 12.72792  3.04604  1.64974  0.00000
  9.89949  1.62455  1.84971  1.39262
```



## F#



```fsharp
open Microsoft.FSharp.Collections

let cholesky a =
    let calc (a: float[,]) (l: float[,]) i j =
        let c1 j =
            let sum = List.sumBy (fun k -> l.[j, k] ** 2.0) [0..j - 1]
            sqrt (a.[j, j] - sum)
        let c2 i j = 
            let sum = List.sumBy (fun k -> l.[i, k] * l.[j, k]) [0..j - 1]
            (1.0 / l.[j, j]) * (a.[i, j] - sum)
        if j > i then 0.0 else
            if i = j
            then c1 j
            else c2 i j
    let l = Array2D.zeroCreate (Array2D.length1 a) (Array2D.length2 a)
    Array2D.iteri (fun i j _ -> l.[i, j] <- calc a l i j) l
    l

let printMat a =
    let arrow = (Array2D.length2 a |> float) / 2.0 |> int
    let c = cholesky a
    for row in 0..(Array2D.length1 a) - 1 do
        for col in 0..(Array2D.length2 a) - 1 do
            printf "%.5f,\t" a.[row, col]
        printf (if arrow = row then "--> \t" else "\t\t")
        for col in 0..(Array2D.length2 c) - 1 do
            printf "%.5f,\t" c.[row, col]
        printfn ""

let ex1 = array2D [
    [25.0; 15.0; -5.0];
    [15.0; 18.0; 0.0];
    [-5.0; 0.0; 11.0]]

let ex2 = array2D [
    [18.0; 22.0; 54.0; 42.0];
    [22.0; 70.0; 86.0; 62.0];
    [54.0; 86.0; 174.0; 134.0];
    [42.0; 62.0; 134.0; 106.0]]

printfn "ex1:"
printMat ex1

printfn "ex2:"
printMat ex2

```

{{out}}

```txt
ex1:
25.00000,	15.00000,	-5.00000,		5.00000,	0.00000,	0.00000,	
15.00000,	18.00000,	0.00000,	--> 	3.00000,	3.00000,	0.00000,	
-5.00000,	0.00000,	11.00000,		-1.00000,	1.00000,	3.00000,	
ex2:
18.00000,	22.00000,	54.00000,	42.00000,		4.24264,	0.00000,	0.00000,	0.00000,	
22.00000,	70.00000,	86.00000,	62.00000,		5.18545,	6.56591,	0.00000,	0.00000,	
54.00000,	86.00000,	174.00000,	134.00000,	--> 	12.72792,	3.04604,	1.64974,	0.00000,	
42.00000,	62.00000,	134.00000,	106.00000,		9.89949,	1.62455,	1.84971,	1.39262,	

```



## Go


### Real

This version works with real matrices, like most other solutions on the page.  The representation is packed, however, storing only the lower triange of the input symetric matrix and the output lower matrix.  The decomposition algorithm computes rows in order from top to bottom but is a little different thatn Cholesky–Banachiewicz.

```go
package main

import (
    "fmt"
    "math"
)

// symmetric and lower use a packed representation that stores only
// the lower triangle.

type symmetric struct {
    order int
    ele   []float64
}

type lower struct {
    order int
    ele   []float64
}

// symmetric.print prints a square matrix from the packed representation,
// printing the upper triange as a transpose of the lower.
func (s *symmetric) print() {
    const eleFmt = "%10.5f "
    row, diag := 1, 0
    for i, e := range s.ele {
        fmt.Printf(eleFmt, e)
        if i == diag {
            for j, col := diag+row, row; col < s.order; j += col {
                fmt.Printf(eleFmt, s.ele[j])
                col++
            }
            fmt.Println()
            row++
            diag += row
        }
    }
}

// lower.print prints a square matrix from the packed representation,
// printing the upper triangle as all zeros.
func (l *lower) print() {
    const eleFmt = "%10.5f "
    row, diag := 1, 0
    for i, e := range l.ele {
        fmt.Printf(eleFmt, e)
        if i == diag {
            for j := row; j < l.order; j++ {
                fmt.Printf(eleFmt, 0.)
            }
            fmt.Println()
            row++
            diag += row
        }
    }
}

// choleskyLower returns the cholesky decomposition of a symmetric real
// matrix.  The matrix must be positive definite but this is not checked.
func (a *symmetric) choleskyLower() *lower {
    l := &lower{a.order, make([]float64, len(a.ele))}
    row, col := 1, 1
    dr := 0 // index of diagonal element at end of row
    dc := 0 // index of diagonal element at top of column
    for i, e := range a.ele {
        if i < dr {
            d := (e - l.ele[i]) / l.ele[dc]
            l.ele[i] = d
            ci, cx := col, dc
            for j := i + 1; j <= dr; j++ {
                cx += ci
                ci++
                l.ele[j] += d * l.ele[cx]
            }
            col++
            dc += col
        } else {
            l.ele[i] = math.Sqrt(e - l.ele[i])
            row++
            dr += row
            col = 1
            dc = 0
        }
    }
    return l
}

func main() {
    demo(&symmetric{3, []float64{
        25,
        15, 18,
        -5, 0, 11}})
    demo(&symmetric{4, []float64{
        18,
        22, 70,
        54, 86, 174,
        42, 62, 134, 106}})
}

func demo(a *symmetric) {
    fmt.Println("A:")
    a.print()
    fmt.Println("L:")
    a.choleskyLower().print()
}
```

{{out}}

```txt

A:
  25.00000   15.00000   -5.00000 
  15.00000   18.00000    0.00000 
  -5.00000    0.00000   11.00000 
L:
   5.00000    0.00000    0.00000 
   3.00000    3.00000    0.00000 
  -1.00000    1.00000    3.00000 
A:
  18.00000   22.00000   54.00000   42.00000 
  22.00000   70.00000   86.00000   62.00000 
  54.00000   86.00000  174.00000  134.00000 
  42.00000   62.00000  134.00000  106.00000 
L:
   4.24264    0.00000    0.00000    0.00000 
   5.18545    6.56591    0.00000    0.00000 
  12.72792    3.04604    1.64974    0.00000 
   9.89949    1.62455    1.84971    1.39262 

```


### Hermitian

This version handles complex Hermitian matricies as described on the WP page.  The matrix representation is flat, and storage is allocated for all elements, not just the lower triangles.  The decomposition algorithm is Cholesky–Banachiewicz.

```go
package main

import (
    "fmt"
    "math/cmplx"
)

type matrix struct {
    stride int
    ele    []complex128
}

func like(a *matrix) *matrix {
    return &matrix{a.stride, make([]complex128, len(a.ele))}
}

func (m *matrix) print(heading string) {
    if heading > "" {
        fmt.Print("\n", heading, "\n")
    }
    for e := 0; e < len(m.ele); e += m.stride {
        fmt.Printf("%7.2f ", m.ele[e:e+m.stride])
        fmt.Println()
    }
}

func (a *matrix) choleskyDecomp() *matrix {
    l := like(a)
    // Cholesky-Banachiewicz algorithm
    for r, rxc0 := 0, 0; r < a.stride; r++ {
        // calculate elements along row, up to diagonal
        x := rxc0
        for c, cxc0 := 0, 0; c < r; c++ {
            sum := a.ele[x]
            for k := 0; k < c; k++ {
                sum -= l.ele[rxc0+k] * cmplx.Conj(l.ele[cxc0+k])
            }
            l.ele[x] = sum / l.ele[cxc0+c]
            x++
            cxc0 += a.stride
        }
        // calcualate diagonal element
        sum := a.ele[x]
        for k := 0; k < r; k++ {
            sum -= l.ele[rxc0+k] * cmplx.Conj(l.ele[rxc0+k])
        }
        l.ele[x] = cmplx.Sqrt(sum)
        rxc0 += a.stride
    }
    return l
}

func main() {
    demo("A:", &matrix{3, []complex128{
        25, 15, -5,
        15, 18, 0,
        -5, 0, 11,
    }})
    demo("A:", &matrix{4, []complex128{
        18, 22, 54, 42,
        22, 70, 86, 62,
        54, 86, 174, 134,
        42, 62, 134, 106,
    }})
    // one more example, from the Numpy manual, with a non-real
    demo("A:", &matrix{2, []complex128{
        1, -2i,
        2i, 5,
    }})
}

func demo(heading string, a *matrix) {
    a.print(heading)
    a.choleskyDecomp().print("Cholesky factor L:")
}
```

{{out}}

```txt

A:
[(  25.00  +0.00i) (  15.00  +0.00i) (  -5.00  +0.00i)] 
[(  15.00  +0.00i) (  18.00  +0.00i) (   0.00  +0.00i)] 
[(  -5.00  +0.00i) (   0.00  +0.00i) (  11.00  +0.00i)] 

Cholesky factor L:
[(   5.00  +0.00i) (   0.00  +0.00i) (   0.00  +0.00i)] 
[(   3.00  +0.00i) (   3.00  +0.00i) (   0.00  +0.00i)] 
[(  -1.00  +0.00i) (   1.00  +0.00i) (   3.00  +0.00i)] 

A:
[(  18.00  +0.00i) (  22.00  +0.00i) (  54.00  +0.00i) (  42.00  +0.00i)] 
[(  22.00  +0.00i) (  70.00  +0.00i) (  86.00  +0.00i) (  62.00  +0.00i)] 
[(  54.00  +0.00i) (  86.00  +0.00i) ( 174.00  +0.00i) ( 134.00  +0.00i)] 
[(  42.00  +0.00i) (  62.00  +0.00i) ( 134.00  +0.00i) ( 106.00  +0.00i)] 

Cholesky factor L:
[(   4.24  +0.00i) (   0.00  +0.00i) (   0.00  +0.00i) (   0.00  +0.00i)] 
[(   5.19  +0.00i) (   6.57  +0.00i) (   0.00  +0.00i) (   0.00  +0.00i)] 
[(  12.73  +0.00i) (   3.05  +0.00i) (   1.65  +0.00i) (   0.00  +0.00i)] 
[(   9.90  +0.00i) (   1.62  +0.00i) (   1.85  +0.00i) (   1.39  +0.00i)] 

A:
[(   1.00  +0.00i) (   0.00  -2.00i)] 
[(   0.00  +2.00i) (   5.00  +0.00i)] 

Cholesky factor L:
[(   1.00  +0.00i) (   0.00  +0.00i)] 
[(   0.00  +2.00i) (   1.00  +0.00i)] 

```



### Library gonum/mat


```go
package main

import (
    "fmt"

    "gonum.org/v1/gonum/mat"
)

func cholesky(order int, elements []float64) fmt.Formatter {
    var c mat.Cholesky
    c.Factorize(mat.NewSymDense(order, elements))
    return mat.Formatted(c.LTo(nil))
}

func main() {
    fmt.Println(cholesky(3, []float64{
        25, 15, -5,
        15, 18, 0,
        -5, 0, 11,
    }))
    fmt.Printf("\n%.5f\n", cholesky(4, []float64{
        18, 22, 54, 42,
        22, 70, 86, 62,
        54, 86, 174, 134,
        42, 62, 134, 106,
    }))
}
```

{{out}}

```txt

⎡ 5   0   0⎤
⎢ 3   3   0⎥
⎣-1   1   3⎦

⎡ 4.24264   0.00000   0.00000   0.00000⎤
⎢ 5.18545   6.56591   0.00000   0.00000⎥
⎢12.72792   3.04604   1.64974   0.00000⎥
⎣ 9.89949   1.62455   1.84971   1.39262⎦

```



### Library go.matrix


```go
package main

import (
    "fmt"

    mat "github.com/skelterjohn/go.matrix"
)

func main() {
    demo(mat.MakeDenseMatrix([]float64{
        25, 15, -5,
        15, 18, 0,
        -5, 0, 11,
    }, 3, 3))
    demo(mat.MakeDenseMatrix([]float64{
        18, 22, 54, 42,
        22, 70, 86, 62,
        54, 86, 174, 134,
        42, 62, 134, 106,
    }, 4, 4))
}

func demo(m *mat.DenseMatrix) {
    fmt.Println("A:")
    fmt.Println(m)
    l, err := m.Cholesky()
    if err != nil {
        fmt.Println(err)
        return
    }
    fmt.Println("L:")
    fmt.Println(l)
}
```

Output:

```txt

A:
{25, 15, -5,
 15, 18,  0,
 -5,  0, 11}
L:
{ 5,  0,  0,
  3,  3,  0,
 -1,  1,  3}
A:
{ 18,  22,  54,  42,
  22,  70,  86,  62,
  54,  86, 174, 134,
  42,  62, 134, 106}
L:
{ 4.242641,         0,         0,         0,
   5.18545,  6.565905,         0,         0,
 12.727922,  3.046038,  1.649742,         0,
  9.899495,  1.624554,  1.849711,  1.392621}

```



## Haskell

We use the [http://en.wikipedia.org/wiki/Cholesky_decomposition#The_Cholesky.E2.80.93Banachiewicz_and_Cholesky.E2.80.93Crout_algorithms Cholesky–Banachiewicz algorithm] described in the Wikipedia article.

For more serious numerical analysis there is a Cholesky decomposition function in the [http://hackage.haskell.org/package/hmatrix hmatrix package].

The Cholesky module:

```haskell
module Cholesky (Arr, cholesky) where

import Data.Array.IArray
import Data.Array.MArray
import Data.Array.Unboxed
import Data.Array.ST

type Idx = (Int,Int)
type Arr = UArray Idx Double

-- Return the (i,j) element of the lower triangular matrix.  (We assume the
-- lower array bound is (0,0).)
get :: Arr -> Arr -> Idx -> Double
get a l (i,j) | i == j = sqrt $ a!(j,j) - dot
              | i  > j = (a!(i,j) - dot) / l!(j,j)
              | otherwise = 0
  where dot = sum [l!(i,k) * l!(j,k) | k <- [0..j-1]]

-- Return the lower triangular matrix of a Cholesky decomposition.  We assume
-- the input is a real, symmetric, positive-definite matrix, with lower array
-- bounds of (0,0).
cholesky :: Arr -> Arr
cholesky a = let n = maxBnd a
             in runSTUArray $ do
               l <- thaw a
               mapM_ (update a l) [(i,j) | i <- [0..n], j <- [0..n]]
               return l
  where maxBnd = fst . snd . bounds
        update a l i = unsafeFreeze l >>= \l' -> writeArray l i (get a l' i)
```

The main module:

```haskell
import Data.Array.IArray
import Data.List
import Cholesky

fm _ [] = "" 
fm _ [x] = fst x
fm width ((a,b):xs) = a ++ (take (width - b) $ cycle " ") ++ (fm width xs)

fmt width row (xs,[]) = fm width xs
fmt width row (xs,ys) = fm width xs  ++ "\n" ++ fmt width row (splitAt row ys)

showMatrice row xs   = ys where
  vs = map (\s -> let sh = show s in (sh,length sh)) xs
  width = (maximum $ snd $ unzip vs) + 1
  ys = fmt width row (splitAt row vs)

ex1, ex2 :: Arr
ex1 = listArray ((0,0),(2,2)) [25, 15, -5, 
                               15, 18,  0, 
                               -5,  0, 11]

ex2 = listArray ((0,0),(3,3)) [18, 22,  54,  42, 
                               22, 70,  86,  62, 
                               54, 86, 174, 134, 
                               42, 62, 134, 106]

main :: IO ()
main = do
  putStrLn $ showMatrice 3 $ elems $ cholesky ex1
